Workpiece orientation: 23.881036580356007
Workpiece points: [[[627. 119.]]

 [[625. 121.]]

 [[624. 121.]]

 ...

 [[634. 123.]]

 [[630. 119.]]

 [[627. 119.]]]
Contour orientation: 11.810770182428543
Contour points: [[[   0.    0.]]

 [[   0.  719.]]

 [[1279.  719.]]

 [[1279.    0.]]

 [[1216.  719.]]

 [[1041.  493.]]

 [[ 844.  456.]]

 [[ 977.  429.]]

 [[ 969.    0.]]

 [[ 901.  314.]]

 [[ 881.    0.]]

 [[ 866.  333.]]

 [[ 957.  390.]]

 [[ 856.  403.]]

 [[ 835.  353.]]

 [[ 841.  412.]]

 [[ 828.    0.]]

 [[ 704.    0.]]

 [[ 701.  116.]]

 [[ 687.    0.]]

 [[ 460.    0.]]

 [[ 458.  296.]]

 [[ 430.    0.]]]
Calculated rotation difference: -12.070266397927469
